25      0     0  
24      0     0  
23      0     0  
22      0     0  
21      0     0  
20      0     0  
19      0     0  
18      0     0  
17      0     0  
16      0     0  
15      0     0  
14      0     0  
13      0     0  
12      0     0  
11      0     0  
10      0     0  
 9   2110    55  ******
 8   3009   177  *******
 7   3372   128  ********
 6   5498   247  ************
 5   6558  1268  ****************
 4   8231   418  *****************
 3   9386   947  ********************
 2  11637  1636  ***************************
 1  15867  4974  *****************************************