25      0     0  
24      0     0  
23      0     0  
22      0     0  
21      0     0  
20      0     0  
19      0     0  
18      0     0  
17      0     0  
16      0     0  
15      0     0  
14      0     0  
13      0     0  
12      0     0  
11   1568    34  ****
10   3011   142  *******
 9   2882    61  *******
 8   3561   219  ********
 7   3931   142  ********
 6   6156   278  ************
 5   7247  1416  ****************
 4   8969   463  *****************
 3  10216  1065  *********************
 2  12584  1791  ***************************
 1  17075  5386  *****************************************